2019/06/17-17:50:17.067453 7f6e7b298500 RocksDB version: 5.18.3
2019/06/17-17:50:17.067516 7f6e7b298500 Git sha rocksdb_build_git_sha:641fae60f63619ed5d0c9d9e4c4ea5a0ffa3e253
2019/06/17-17:50:17.067521 7f6e7b298500 Compile date Jun 14 2019
2019/06/17-17:50:17.067537 7f6e7b298500 DB SUMMARY
2019/06/17-17:50:17.067636 7f6e7b298500 CURRENT file:  CURRENT
2019/06/17-17:50:17.067641 7f6e7b298500 IDENTITY file:  IDENTITY
2019/06/17-17:50:17.067658 7f6e7b298500 MANIFEST file:  MANIFEST-000005 size: 108 Bytes
2019/06/17-17:50:17.067663 7f6e7b298500 SST files in database dir, Total Num: 1, files: 000004.sst 
2019/06/17-17:50:17.067666 7f6e7b298500 Write Ahead Log file in database: 000006.log size: 0 ; 
2019/06/17-17:50:17.067669 7f6e7b298500                         Options.error_if_exists: 0
2019/06/17-17:50:17.067672 7f6e7b298500                       Options.create_if_missing: 1
2019/06/17-17:50:17.067674 7f6e7b298500                         Options.paranoid_checks: 1
2019/06/17-17:50:17.067677 7f6e7b298500                                     Options.env: 0x563138a493c0
2019/06/17-17:50:17.067679 7f6e7b298500                                Options.info_log: 0x56313a2199d0
2019/06/17-17:50:17.067682 7f6e7b298500                Options.max_file_opening_threads: 16
2019/06/17-17:50:17.067684 7f6e7b298500                              Options.statistics: (nil)
2019/06/17-17:50:17.067687 7f6e7b298500                               Options.use_fsync: 0
2019/06/17-17:50:17.067689 7f6e7b298500                       Options.max_log_file_size: 0
2019/06/17-17:50:17.067691 7f6e7b298500                  Options.max_manifest_file_size: 1073741824
2019/06/17-17:50:17.067694 7f6e7b298500                   Options.log_file_time_to_roll: 0
2019/06/17-17:50:17.067696 7f6e7b298500                       Options.keep_log_file_num: 1000
2019/06/17-17:50:17.067698 7f6e7b298500                    Options.recycle_log_file_num: 0
2019/06/17-17:50:17.067700 7f6e7b298500                         Options.allow_fallocate: 1
2019/06/17-17:50:17.067703 7f6e7b298500                        Options.allow_mmap_reads: 0
2019/06/17-17:50:17.067705 7f6e7b298500                       Options.allow_mmap_writes: 0
2019/06/17-17:50:17.067707 7f6e7b298500                        Options.use_direct_reads: 0
2019/06/17-17:50:17.067710 7f6e7b298500                        Options.use_direct_io_for_flush_and_compaction: 0
2019/06/17-17:50:17.067712 7f6e7b298500          Options.create_missing_column_families: 0
2019/06/17-17:50:17.067714 7f6e7b298500                              Options.db_log_dir: 
2019/06/17-17:50:17.067716 7f6e7b298500                                 Options.wal_dir: database
2019/06/17-17:50:17.067719 7f6e7b298500                Options.table_cache_numshardbits: 6
2019/06/17-17:50:17.067721 7f6e7b298500                      Options.max_subcompactions: 1
2019/06/17-17:50:17.067723 7f6e7b298500                  Options.max_background_flushes: -1
2019/06/17-17:50:17.067725 7f6e7b298500                         Options.WAL_ttl_seconds: 0
2019/06/17-17:50:17.067728 7f6e7b298500                       Options.WAL_size_limit_MB: 0
2019/06/17-17:50:17.067730 7f6e7b298500             Options.manifest_preallocation_size: 4194304
2019/06/17-17:50:17.067732 7f6e7b298500                     Options.is_fd_close_on_exec: 1
2019/06/17-17:50:17.067735 7f6e7b298500                   Options.advise_random_on_open: 1
2019/06/17-17:50:17.067737 7f6e7b298500                    Options.db_write_buffer_size: 0
2019/06/17-17:50:17.067739 7f6e7b298500                    Options.write_buffer_manager: 0x56313a279310
2019/06/17-17:50:17.067741 7f6e7b298500         Options.access_hint_on_compaction_start: 1
2019/06/17-17:50:17.067743 7f6e7b298500  Options.new_table_reader_for_compaction_inputs: 0
2019/06/17-17:50:17.067746 7f6e7b298500           Options.random_access_max_buffer_size: 1048576
2019/06/17-17:50:17.067748 7f6e7b298500                      Options.use_adaptive_mutex: 0
2019/06/17-17:50:17.067750 7f6e7b298500                            Options.rate_limiter: (nil)
2019/06/17-17:50:17.067753 7f6e7b298500     Options.sst_file_manager.rate_bytes_per_sec: 0
2019/06/17-17:50:17.067775 7f6e7b298500                       Options.wal_recovery_mode: 2
2019/06/17-17:50:17.067777 7f6e7b298500                  Options.enable_thread_tracking: 0
2019/06/17-17:50:17.067780 7f6e7b298500                  Options.enable_pipelined_write: 0
2019/06/17-17:50:17.067782 7f6e7b298500         Options.allow_concurrent_memtable_write: 1
2019/06/17-17:50:17.067784 7f6e7b298500      Options.enable_write_thread_adaptive_yield: 1
2019/06/17-17:50:17.067786 7f6e7b298500             Options.write_thread_max_yield_usec: 100
2019/06/17-17:50:17.067788 7f6e7b298500            Options.write_thread_slow_yield_usec: 3
2019/06/17-17:50:17.067791 7f6e7b298500                               Options.row_cache: None
2019/06/17-17:50:17.067793 7f6e7b298500                              Options.wal_filter: None
2019/06/17-17:50:17.067795 7f6e7b298500             Options.avoid_flush_during_recovery: 0
2019/06/17-17:50:17.067798 7f6e7b298500             Options.allow_ingest_behind: 0
2019/06/17-17:50:17.067800 7f6e7b298500             Options.preserve_deletes: 0
2019/06/17-17:50:17.067802 7f6e7b298500             Options.two_write_queues: 0
2019/06/17-17:50:17.067804 7f6e7b298500             Options.manual_wal_flush: 0
2019/06/17-17:50:17.067806 7f6e7b298500             Options.max_background_jobs: 2
2019/06/17-17:50:17.067808 7f6e7b298500             Options.max_background_compactions: -1
2019/06/17-17:50:17.067811 7f6e7b298500             Options.avoid_flush_during_shutdown: 0
2019/06/17-17:50:17.067813 7f6e7b298500           Options.writable_file_max_buffer_size: 1048576
2019/06/17-17:50:17.067815 7f6e7b298500             Options.delayed_write_rate : 16777216
2019/06/17-17:50:17.067818 7f6e7b298500             Options.max_total_wal_size: 0
2019/06/17-17:50:17.067820 7f6e7b298500             Options.delete_obsolete_files_period_micros: 21600000000
2019/06/17-17:50:17.067822 7f6e7b298500                   Options.stats_dump_period_sec: 600
2019/06/17-17:50:17.067824 7f6e7b298500                          Options.max_open_files: -1
2019/06/17-17:50:17.067827 7f6e7b298500                          Options.bytes_per_sync: 0
2019/06/17-17:50:17.067829 7f6e7b298500                      Options.wal_bytes_per_sync: 0
2019/06/17-17:50:17.067831 7f6e7b298500       Options.compaction_readahead_size: 0
2019/06/17-17:50:17.067833 7f6e7b298500 Compression algorithms supported:
2019/06/17-17:50:17.067836 7f6e7b298500 	kZSTDNotFinalCompression supported: 1
2019/06/17-17:50:17.067839 7f6e7b298500 	kZSTD supported: 1
2019/06/17-17:50:17.067842 7f6e7b298500 	kXpressCompression supported: 0
2019/06/17-17:50:17.067844 7f6e7b298500 	kLZ4HCCompression supported: 1
2019/06/17-17:50:17.067846 7f6e7b298500 	kLZ4Compression supported: 1
2019/06/17-17:50:17.067849 7f6e7b298500 	kBZip2Compression supported: 1
2019/06/17-17:50:17.067851 7f6e7b298500 	kZlibCompression supported: 1
2019/06/17-17:50:17.067853 7f6e7b298500 	kSnappyCompression supported: 1
2019/06/17-17:50:17.067857 7f6e7b298500 Fast CRC32 supported: Not supported on x86
2019/06/17-17:50:17.068813 7f6e7b298500 [db/version_set.cc:3507] Recovering from manifest file: MANIFEST-000005
2019/06/17-17:50:17.069096 7f6e7b298500 [db/column_family.cc:472] --------------- Options for column family [default]:
2019/06/17-17:50:17.069107 7f6e7b298500               Options.comparator: leveldb.BytewiseComparator
2019/06/17-17:50:17.069112 7f6e7b298500           Options.merge_operator: None
2019/06/17-17:50:17.069116 7f6e7b298500        Options.compaction_filter: None
2019/06/17-17:50:17.069120 7f6e7b298500        Options.compaction_filter_factory: None
2019/06/17-17:50:17.069124 7f6e7b298500         Options.memtable_factory: SkipListFactory
2019/06/17-17:50:17.069128 7f6e7b298500            Options.table_factory: BlockBasedTable
2019/06/17-17:50:17.069208 7f6e7b298500            table_factory options:   flush_block_policy_factory: FlushBlockBySizePolicyFactory (0x56313a24ce40)
  cache_index_and_filter_blocks: 0
  cache_index_and_filter_blocks_with_high_priority: 0
  pin_l0_filter_and_index_blocks_in_cache: 0
  pin_top_level_index_and_filter: 1
  index_type: 0
  hash_index_allow_collision: 1
  checksum: 1
  no_block_cache: 0
  block_cache: 0x56313a277360
  block_cache_name: LRUCache
  block_cache_options:
    capacity : 8388608
    num_shard_bits : 4
    strict_capacity_limit : 0
    memory_allocator : None
    high_pri_pool_ratio: 0.000
  block_cache_compressed: (nil)
  persistent_cache: (nil)
  block_size: 4096
  block_size_deviation: 10
  block_restart_interval: 16
  index_block_restart_interval: 1
  metadata_block_size: 4096
  partition_filters: 0
  use_delta_encoding: 1
  filter_policy: nullptr
  whole_key_filtering: 1
  verify_compression: 0
  read_amp_bytes_per_bit: 0
  format_version: 2
  enable_index_compression: 1
  block_align: 0
2019/06/17-17:50:17.069248 7f6e7b298500        Options.write_buffer_size: 67108864
2019/06/17-17:50:17.069255 7f6e7b298500  Options.max_write_buffer_number: 2
2019/06/17-17:50:17.069259 7f6e7b298500          Options.compression: Snappy
2019/06/17-17:50:17.069264 7f6e7b298500                  Options.bottommost_compression: Disabled
2019/06/17-17:50:17.069268 7f6e7b298500       Options.prefix_extractor: nullptr
2019/06/17-17:50:17.069272 7f6e7b298500   Options.memtable_insert_with_hint_prefix_extractor: nullptr
2019/06/17-17:50:17.069276 7f6e7b298500             Options.num_levels: 7
2019/06/17-17:50:17.069280 7f6e7b298500        Options.min_write_buffer_number_to_merge: 1
2019/06/17-17:50:17.069284 7f6e7b298500     Options.max_write_buffer_number_to_maintain: 0
2019/06/17-17:50:17.069288 7f6e7b298500            Options.bottommost_compression_opts.window_bits: -14
2019/06/17-17:50:17.069292 7f6e7b298500                  Options.bottommost_compression_opts.level: 32767
2019/06/17-17:50:17.069295 7f6e7b298500               Options.bottommost_compression_opts.strategy: 0
2019/06/17-17:50:17.069299 7f6e7b298500         Options.bottommost_compression_opts.max_dict_bytes: 0
2019/06/17-17:50:17.069303 7f6e7b298500         Options.bottommost_compression_opts.zstd_max_train_bytes: 0
2019/06/17-17:50:17.069306 7f6e7b298500                  Options.bottommost_compression_opts.enabled: false
2019/06/17-17:50:17.069310 7f6e7b298500            Options.compression_opts.window_bits: -14
2019/06/17-17:50:17.069314 7f6e7b298500                  Options.compression_opts.level: 32767
2019/06/17-17:50:17.069318 7f6e7b298500               Options.compression_opts.strategy: 0
2019/06/17-17:50:17.069322 7f6e7b298500         Options.compression_opts.max_dict_bytes: 0
2019/06/17-17:50:17.069326 7f6e7b298500         Options.compression_opts.zstd_max_train_bytes: 0
2019/06/17-17:50:17.069330 7f6e7b298500                  Options.compression_opts.enabled: false
2019/06/17-17:50:17.069334 7f6e7b298500      Options.level0_file_num_compaction_trigger: 4
2019/06/17-17:50:17.069338 7f6e7b298500          Options.level0_slowdown_writes_trigger: 20
2019/06/17-17:50:17.069341 7f6e7b298500              Options.level0_stop_writes_trigger: 36
2019/06/17-17:50:17.069345 7f6e7b298500                   Options.target_file_size_base: 67108864
2019/06/17-17:50:17.069350 7f6e7b298500             Options.target_file_size_multiplier: 1
2019/06/17-17:50:17.069354 7f6e7b298500                Options.max_bytes_for_level_base: 268435456
2019/06/17-17:50:17.069358 7f6e7b298500 Options.level_compaction_dynamic_level_bytes: 0
2019/06/17-17:50:17.069362 7f6e7b298500          Options.max_bytes_for_level_multiplier: 10.000000
2019/06/17-17:50:17.069370 7f6e7b298500 Options.max_bytes_for_level_multiplier_addtl[0]: 1
2019/06/17-17:50:17.069374 7f6e7b298500 Options.max_bytes_for_level_multiplier_addtl[1]: 1
2019/06/17-17:50:17.069378 7f6e7b298500 Options.max_bytes_for_level_multiplier_addtl[2]: 1
2019/06/17-17:50:17.069382 7f6e7b298500 Options.max_bytes_for_level_multiplier_addtl[3]: 1
2019/06/17-17:50:17.069386 7f6e7b298500 Options.max_bytes_for_level_multiplier_addtl[4]: 1
2019/06/17-17:50:17.069390 7f6e7b298500 Options.max_bytes_for_level_multiplier_addtl[5]: 1
2019/06/17-17:50:17.069394 7f6e7b298500 Options.max_bytes_for_level_multiplier_addtl[6]: 1
2019/06/17-17:50:17.069431 7f6e7b298500       Options.max_sequential_skip_in_iterations: 8
2019/06/17-17:50:17.069437 7f6e7b298500                    Options.max_compaction_bytes: 1677721600
2019/06/17-17:50:17.069442 7f6e7b298500                        Options.arena_block_size: 8388608
2019/06/17-17:50:17.069446 7f6e7b298500   Options.soft_pending_compaction_bytes_limit: 68719476736
2019/06/17-17:50:17.069450 7f6e7b298500   Options.hard_pending_compaction_bytes_limit: 274877906944
2019/06/17-17:50:17.069455 7f6e7b298500       Options.rate_limit_delay_max_milliseconds: 100
2019/06/17-17:50:17.069459 7f6e7b298500                Options.disable_auto_compactions: 0
2019/06/17-17:50:17.069464 7f6e7b298500                        Options.compaction_style: kCompactionStyleLevel
2019/06/17-17:50:17.069469 7f6e7b298500                          Options.compaction_pri: kByCompensatedSize
2019/06/17-17:50:17.069473 7f6e7b298500 Options.compaction_options_universal.size_ratio: 1
2019/06/17-17:50:17.069478 7f6e7b298500 Options.compaction_options_universal.min_merge_width: 2
2019/06/17-17:50:17.069482 7f6e7b298500 Options.compaction_options_universal.max_merge_width: 4294967295
2019/06/17-17:50:17.069486 7f6e7b298500 Options.compaction_options_universal.max_size_amplification_percent: 200
2019/06/17-17:50:17.069490 7f6e7b298500 Options.compaction_options_universal.compression_size_percent: -1
2019/06/17-17:50:17.069501 7f6e7b298500 Options.compaction_options_universal.stop_style: kCompactionStopStyleTotalSize
2019/06/17-17:50:17.069507 7f6e7b298500 Options.compaction_options_fifo.max_table_files_size: 1073741824
2019/06/17-17:50:17.069511 7f6e7b298500 Options.compaction_options_fifo.allow_compaction: 0
2019/06/17-17:50:17.069515 7f6e7b298500 Options.compaction_options_fifo.ttl: 0
2019/06/17-17:50:17.069519 7f6e7b298500                   Options.table_properties_collectors: 
2019/06/17-17:50:17.069523 7f6e7b298500                   Options.inplace_update_support: 0
2019/06/17-17:50:17.069527 7f6e7b298500                 Options.inplace_update_num_locks: 10000
2019/06/17-17:50:17.069532 7f6e7b298500               Options.memtable_prefix_bloom_size_ratio: 0.000000
2019/06/17-17:50:17.069538 7f6e7b298500   Options.memtable_huge_page_size: 0
2019/06/17-17:50:17.069542 7f6e7b298500                           Options.bloom_locality: 0
2019/06/17-17:50:17.069547 7f6e7b298500                    Options.max_successive_merges: 0
2019/06/17-17:50:17.069551 7f6e7b298500                Options.optimize_filters_for_hits: 0
2019/06/17-17:50:17.069555 7f6e7b298500                Options.paranoid_file_checks: 0
2019/06/17-17:50:17.069559 7f6e7b298500                Options.force_consistency_checks: 0
2019/06/17-17:50:17.069563 7f6e7b298500                Options.report_bg_io_stats: 0
2019/06/17-17:50:17.069567 7f6e7b298500                               Options.ttl: 0
2019/06/17-17:50:17.071882 7f6e7b298500 [db/version_set.cc:3713] Recovered from manifest file:database/MANIFEST-000005 succeeded,manifest_file_number is 5, next_file_number is 7, last_sequence is 1, log_number is 0,prev_log_number is 0,max_column_family is 0,min_log_number_to_keep is 0
2019/06/17-17:50:17.071904 7f6e7b298500 [db/version_set.cc:3730] Column family [default] (ID 0), log number is 4
2019/06/17-17:50:17.072108 7f6e7b298500 EVENT_LOG_v1 {"time_micros": 1560783017072099, "job": 1, "event": "recovery_started", "log_files": [6]}
2019/06/17-17:50:17.072119 7f6e7b298500 [db/db_impl_open.cc:576] Recovering log #6 mode 2
2019/06/17-17:50:17.072354 7f6e7b298500 [db/version_set.cc:3036] Creating manifest 8
2019/06/17-17:50:17.081769 7f6e7b298500 EVENT_LOG_v1 {"time_micros": 1560783017081764, "job": 1, "event": "recovery_finished"}
2019/06/17-17:50:17.093160 7f6e7b298500 [db/db_impl_open.cc:1314] DB pointer 0x56313a27c2f0
